pon alloc_index_set 123 0
pon gem_port_index_set 0 123 1 1 1 3 200
omci mec 45 0
omci mec 47 0 0 0 0x1 257 0
omci med 47 0
omci med 45 0
omci mec 45 0
omci meads 262 32768 1 00 0
omci meads 262 32769 1 00 1
omci meads 262 32770 1 00 2
omci meads 262 32771 1 00 3
omci meads 262 32772 1 00 4
omci meads 262 32773 1 00 5
omci mec 268 1024 1034 32768 3 32775 65535 65535 135 65535 0
omci mec 266 1024 1024 5 9217 0 1
omci mec 268 1025 1035 32769 3 32775 65535 65535 135 65535 0
omci mec 266 1025 1025 5 9217 0 1
omci mec 268 1026 1036 32770 3 32775 65535 65535 135 65535 0
omci mec 266 1026 1026 5 9217 0 1
omci mec 268 1027 1037 32771 3 32775 65535 65535 135 65535 0
omci mec 266 1027 1027 5 9217 0 1
omci mec 268 1028 1038 32772 3 32775 65535 65535 135 65535 0
omci mec 266 1028 1028 5 9217 0 1
omci mec 268 1029 1039 32773 3 32775 65535 65535 135 65535 0
omci mec 266 1029 1029 5 9217 0 1
